(3,110,47.37339301268614) 
(3,111,4.208868995771288) 
(3,78,46.29755895348418) 
(3,81,16.835475983085153) 
(3,66,10.076614858320141) 
(3,64,8.939910480970799) 
(3,61,18.9399104809708) 
(3,108,4.208868995771288) 
(3,107,4.208868995771288) 
(3,106,4.208868995771288) 
(3,102,12.626606987313867) 
(3,95,74.6071930063611) 
(1,105,33.67095196617031) 
(1,96,4.208868995771288) 
(0,110,21.044344978856444) 
(0,78,252.53213974627732) 
(0,81,36.78824236256689) 
(0,66,42.08868995771289) 
(0,108,12.626606987313867) 
(0,107,42.08868995771289) 
(0,106,8.417737991542577) 
(0,104,78.95565502114356) 
(0,102,42.08868995771289) 
(0,95,10.522172489428222) 
(5,110,6.313303493656933) 
(5,78,6.313303493656933) 
(5,81,6.313303493656933) 
(5,59,71.55077292811191) 
(5,57,4.208868995771288) 
(5,64,4.208868995771288) 
(5,95,8.417737991542579) 
(4,111,4.208868995771288) 
(4,64,5.791131004228712) 
(4,61,25.277884706158726) 
(9,110,18.00366944078001) 
(9,66,53.0564200782492) 
(8,77,7.57596419238832) 
(8,66,90.4906834090827) 
(8,65,29.462082970399024) 
(8,60,21.044344978856444) 
(35,105,31.582262008457423) 
(36,110,18.800317461959636) 
(36,66,6.313303493656933) 
(36,108,100.99711135833817) 
(36,106,14.731041485199514) 
(36,95,29.462082970399024) 
(39,80,12.626606987313867) 
(39,56,10.522172489428222) 
(39,61,4.208868995771288) 
(39,102,21.044344978856444) 
(39,92,113.62371834565204) 
(39,91,31.582262008457423) 
(40,81,6.313303493656933) 
(40,64,16.835475983085153) 
(40,107,63.70244104651582) 
(22,79,50.50642794925547) 
(22,66,18.9399104809708) 
(22,59,31.566517468284665) 
(22,57,16.835475983085153) 
(22,56,189.399104809708) 
(22,61,16.835475983085153) 
(22,106,4.208868995771288) 
(22,105,8.417737991542577) 
(22,104,12.626606987313867) 
(22,102,56.8197314429124) 
(23,57,8.417737991542577) 
(23,56,252.53213974627732) 
(24,81,559.7795764375815) 
(24,95,12.626606987313867) 
(25,110,42.08868995771289) 
(25,77,88.38624891119707) 
(25,80,606.0771353910657) 
(25,59,42.08868995771289) 
(25,56,21.044344978856444) 
(25,104,137.8010982610778) 
(25,102,252.53213974627732) 
(21,61,13.02282315535999) 
(21,109,8.417737991542577) 
(21,107,7.864076421768843) 
(21,96,84.10076505710566) 
(21,95,62.7819445464978) 
(10,110,21.044344978856444) 
(10,111,58.92416594079805) 
(10,78,30.10810393866563) 
(10,77,112.36105764692064) 
(10,81,54.71529694503137) 
(10,59,4.208868995771288) 
(10,56,23.14877947674209) 
(10,108,4.208868995771288) 
(10,107,4.208868995771288) 
(10,106,4.208868995771288) 
(10,92,5.0506427949255475) 
(55,80,6.313303493656933) 
(55,66,77.86407642176884) 
(55,59,4.208868995771288) 
(55,56,4.208868995771288) 
(55,60,4.208868995771288) 
(49,56,6.313303493656933) 
(49,65,2.120179038058401) 
(49,104,4.208868995771288) 
(49,102,4.208868995771288) 
(49,95,29.446338430226266) 
(46,110,71.55077292811191) 
(46,111,6.313303493656933) 
(46,78,35.12936549578935) 
(46,81,231.4877947674209) 
(46,59,16.835475983085153) 
(46,56,21.044344978856444) 
(46,108,6.313303493656933) 
(46,107,4.208868995771288) 
(46,106,4.208868995771288) 
(46,104,6.313303493656933) 
(46,96,2.7504554661522462) 
(46,95,21.044344978856444) 
(51,78,33.67095196617031) 
(51,81,33.67095196617031) 
(51,66,6.313303493656933) 
(51,59,16.835475983085153) 
(51,56,25.253213974627734) 
(51,61,8.417737991542577) 
(52,78,6.313303493656933) 
(52,81,21.044344978856444) 
(52,66,6.313303493656933) 
(52,59,14.731041485199512) 
(52,56,21.044344978856444) 
(52,61,6.313303493656933) 
(52,104,4.208868995771288) 
(52,95,23.14877947674209) 
(53,110,4.208868995771288) 
(53,78,4.208868995771288) 
(53,108,10.537917029600978) 
(53,105,14.715296945026754) 
(50,81,12.626606987313867) 
(50,66,4.208868995771288) 
(50,59,4.208868995771288) 
(50,56,18.9399104809708) 
(50,60,6.313303493656933) 
(50,104,18.9399104809708) 
(50,102,8.417737991542577) 
(50,95,10.522172489428222) 

