(322,330,326) (322,330,484) 
(326,330,484) (326,466,468) (326,466,336) 
(330,326,466) (330,484,486) (330,484,611) 
(336,466,326) (336,466,468) 
(464,468,466) (464,468,472) (464,470,476) 
(465,464,468) (465,464,470) 
(466,326,330) (466,468,464) (466,468,472) 
(468,464,465) (468,464,470) (468,466,326) (468,466,336) (468,472,470) (468,472,478) 
(470,464,468) (470,472,468) (470,472,478) (470,476,474) (470,476,478) 
(472,468,464) (472,468,466) (472,470,464) (472,470,476) (472,478,476) (472,478,480) 
(474,476,470) (474,476,478) (474,620,614) (474,620,618) 
(476,470,464) (476,470,472) (476,474,620) (476,478,472) (476,478,480) 
(478,472,468) (478,472,470) (478,476,470) (478,476,474) (478,480,611) (478,480,612) 
(480,478,472) (480,611,484) (480,612,609) (480,612,614) (480,612,2066) 
(482,330,326) (482,330,322) (482,490,586) 
(484,482,330) (484,482,490) (484,486,602) (484,486,608) (484,486,485) (484,611,480) 
(485,484,482) (485,484,486) (485,488,490) (485,488,598) (485,488,492) 
(486,484,482) (486,602,605) (486,608,609) (486,485,484) (486,485,488) 
(488,490,586) (488,598,2058) (488,485,484) (488,492,594) (488,492,494) 
(490,586,594) 
(492,594,599) (492,594,592) (492,488,490) (492,488,598) (492,488,485) 
(494,492,594) (494,492,488) 
(586,594,599) (586,594,592) (586,594,492) (586,588,482) (586,588,494) 
(588,482,330) (588,494,492) 
(590,592,596) (590,592,594) 
(592,596,600) (592,596,2056) (592,596,597) (592,594,492) 
(594,599,598) (594,592,596) (594,592,2054) (594,492,494) (594,492,488) 
(596,592,2054) (596,592,590) (596,600,604) (596,600,603) (596,597,599) 
(597,596,592) (597,596,600) (597,596,2056) (597,599,598) 
(598,488,490) (598,488,598) (598,488,485) (598,488,492) (598,599,597) 
(599,597,596) (599,598,488) 
(600,596,592) (600,596,600) (600,596,2056) (600,596,597) (600,604,606) (600,604,603) (600,604,605) (600,603,602) (600,603,597) 
(602,486,484) (602,605,604) (602,605,608) 
(603,602,486) (603,602,2058) (603,602,605) (603,597,596) (603,597,599) 
(604,600,596) (604,600,2060) (604,606,610) (604,606,616) (604,603,602) (604,605,602) 
(605,604,606) (605,604,2062) (605,602,486) (605,608,486) (605,608,609) 
(606,604,600) (606,604,2062) (606,610,608) (606,616,614) (606,616,618) (606,616,2068) 
(608,486,484) (608,486,602) (608,486,485) (608,609,610) (608,609,612) (608,609,2066) (608,605,604) 
(609,610,606) (609,610,608) (609,610,614) (609,612,480) (609,612,614) (609,612,2066) 
(610,606,616) (610,606,2064) (610,608,486) (610,608,609) (610,608,605) (610,614,612) (610,614,616) (610,614,620) 
(611,480,478) (611,480,612) (611,484,486) 
(612,480,478) (612,480,611) (612,609,610) (612,609,2066) (612,614,616) (612,614,620) 
(614,610,606) (614,612,609) (614,612,2066) (614,616,606) (614,616,618) (614,616,2068) (614,620,474) (614,620,618) 
(616,606,604) (616,606,2064) (616,614,610) (616,614,612) (616,614,620) (616,618,620) (616,618,622) 
(618,616,606) (618,616,614) (618,616,2068) (618,620,474) (618,620,614) (618,622,618) 
(620,474,476) (620,614,610) (620,614,612) (620,614,616) (620,618,622) (620,618,2070) 
(622,618,616) (622,618,2070) 
(2054,592,594) (2054,592,590) 
(2058,598,488) (2058,598,599) (2058,602,486) 
(2060,600,596) (2060,600,604) (2060,600,603) 
(2062,604,600) (2062,604,606) (2062,604,603) (2062,604,605) 
(2064,606,604) (2064,606,610) 
(2066,610,606) (2066,610,608) (2066,612,480) (2066,612,609) 
(2070,618,616) (2070,618,620) 
