Grafo correspondente ao projeto 2
388 648
0 1 2 3 4 5 6 7 8 9 10 11 12 13 14 15 16 17 18 19 20 21 22 23 24 25 26 27 28 29 30 31 32 33 34 35 36 37 38 39 40 41 42 43 44 45 46 47 48 49 50 51 52 53 54 55 56 57 58 59 60 61 62 63 64 65 66 67 68 69 70 71 72 73 74 75 76 77 78 79 80 81 82 83 84 85 86 87 88 89 90 91 92 93 94 95 96 97 98 99 100 101 102 103 104 105 106 107 108 109 110 111 11200 11300 11400 11500 11600 11700 11800 11900 12000 12100 12200 12300 12400 12500 12600 12700 12800 12900 13000 13100 13200 13300 13400 13500 13600 13700 13800 13900 14000 14100 14200 14300 14400 14500 14600 14700 14800 14900 15000 15100 15200 15300 15400 15500 15600 15700 15800 15900 16000 16100 16200 16300 16400 16500 16600 16700 16800 16900 17000 17100 17200 17300 17400 17500 17600 17700 17800 17900 18000 18100 18200 18300 18400 18500 18600 18700 18800 18900 19000 19100 19200 19300 19400 19500 19600 19700 19800 19900 20000 20100 20200 20300 20400 20500 20600 20700 20800 20900 21000 21100 21200 21300 21400 21500 21600 21700 21800 21900 22000 22100 22200 22300 22400 22500 22600 22700 22800 22900 23000 23100 23200 23300 23400 23500 23600 23700 23800 23900 24000 24100 24200 24300 24400 24500 24600 24700 24800 24900 112000 113000 114000 115000 116000 117000 118000 119000 120000 121000 122000 123000 124000 125000 126000 127000 128000 129000 130000 131000 132000 133000 134000 135000 136000 137000 138000 139000 140000 141000 142000 143000 144000 145000 146000 147000 148000 149000 150000 151000 152000 153000 154000 155000 156000 157000 158000 159000 160000 161000 162000 163000 164000 165000 166000 167000 168000 169000 170000 171000 172000 173000 174000 175000 176000 177000 178000 179000 180000 181000 182000 183000 184000 185000 186000 187000 188000 189000 190000 191000 192000 193000 194000 195000 196000 197000 198000 199000 200000 201000 202000 203000 204000 205000 206000 207000 208000 209000 210000 211000 212000 213000 214000 215000 216000 217000 218000 219000 220000 221000 222000 223000 224000 225000 226000 227000 228000 229000 230000 231000 232000 233000 234000 235000 236000 237000 238000 239000 240000 241000 242000 243000 244000 245000 246000 247000 248000 249000 
(0,11200) 
(1,11300) (1,11400) 
(2,11500) (2,11600) (2,11700) 
(3,11800) 
(4,11900) (4,12000) (4,12100) 
(5,12200) 
(6,12300) (6,12400) (6,12500) 
(7,12600) (7,12700) (7,12800) 
(8,12900) (8,13000) (8,13100) 
(9,13200) (9,13300) (9,13400) 
(10,13500) (10,13600) 
(11,13700) (11,13800) (11,13900) 
(12,14000) (12,14100) (12,14200) 
(13,14300) (13,14400) (13,14500) 
(14,14600) (14,14700) 
(15,14800) (15,14900) (15,15000) 
(16,15100) (16,15200) 
(17,15300) (17,15400) (17,15500) (17,15600) 
(18,15700) (18,15800) (18,15900) (18,16000) 
(19,16100) 
(20,16200) (20,16300) (20,16400) 
(21,16500) 
(22,16600) (22,16700) 
(23,16800) (23,16900) 
(24,17000) 
(25,17100) (25,17200) (25,17300) (25,17400) 
(26,17500) (26,17600) (26,17700) 
(27,17800) (27,17900) (27,18000) (27,18100) 
(28,18200) (28,18300) 
(29,18400) (29,18500) (29,18600) 
(30,18700) (30,18800) 
(31,18900) (31,19000) (31,19100) (31,19200) 
(32,19300) (32,19400) (32,19500) 
(33,19600) (33,19700) 
(34,19800) (34,19900) (34,20000) (34,20100) (34,20200) 
(35,20300) (35,20400) (35,20500) 
(36,20600) (36,20700) (36,20800) (36,20900) 
(37,21000) (37,21100) (37,21200) 
(38,21300) (38,21400) (38,21500) 
(39,21600) (39,21700) (39,21800) 
(40,21900) (40,22000) 
(41,22100) (41,22200) (41,22300) (41,22400) 
(42,22500) (42,22600) (42,22700) (42,22800) 
(43,22900) (43,23000) (43,23100) (43,23200) 
(44,23300) (44,23400) (44,23500) (44,23600) 
(45,23700) (45,23800) (45,23900) 
(46,24000) 
(47,24100) 
(49,24200) (49,24300) 
(50,24400) 
(51,24500) 
(52,24600) 
(53,24700) (53,24800) 
(55,24900) 
(11200,112000) 
(11300,113000) 
(11400,114000) 
(11500,115000) 
(11600,116000) 
(11700,117000) 
(11800,118000) 
(11900,119000) 
(12000,120000) 
(12100,121000) 
(12200,122000) 
(12300,123000) 
(12400,124000) 
(12500,125000) 
(12600,126000) 
(12700,127000) 
(12800,128000) 
(12900,129000) 
(13000,130000) 
(13100,131000) 
(13200,132000) 
(13300,133000) 
(13400,134000) 
(13500,135000) 
(13600,136000) 
(13700,137000) 
(13800,138000) 
(13900,139000) 
(14000,140000) 
(14100,141000) 
(14200,142000) 
(14300,143000) 
(14400,144000) 
(14500,145000) 
(14600,146000) 
(14700,147000) 
(14800,148000) 
(14900,149000) 
(15000,150000) 
(15100,151000) 
(15200,152000) 
(15300,153000) 
(15400,154000) 
(15500,155000) 
(15600,156000) 
(15700,157000) 
(15800,158000) 
(15900,159000) 
(16000,160000) 
(16100,161000) 
(16200,162000) 
(16300,163000) 
(16400,164000) 
(16500,165000) 
(16600,166000) 
(16700,167000) 
(16800,168000) 
(16900,169000) 
(17000,170000) 
(17100,171000) 
(17200,172000) 
(17300,173000) 
(17400,174000) 
(17500,175000) 
(17600,176000) 
(17700,177000) 
(17800,178000) 
(17900,179000) 
(18000,180000) 
(18100,181000) 
(18200,182000) 
(18300,183000) 
(18400,184000) 
(18500,185000) 
(18600,186000) 
(18700,187000) 
(18800,188000) 
(18900,189000) 
(19000,190000) 
(19100,191000) 
(19200,192000) 
(19300,193000) 
(19400,194000) 
(19500,195000) 
(19600,196000) 
(19700,197000) 
(19800,198000) 
(19900,199000) 
(20000,200000) 
(20100,201000) 
(20200,202000) 
(20300,203000) 
(20400,204000) 
(20500,205000) 
(20600,206000) 
(20700,207000) 
(20800,208000) 
(20900,209000) 
(21000,210000) 
(21100,211000) 
(21200,212000) 
(21300,213000) 
(21400,214000) 
(21500,215000) 
(21600,216000) 
(21700,217000) 
(21800,218000) 
(21900,219000) 
(22000,220000) 
(22100,221000) 
(22200,222000) 
(22300,223000) 
(22400,224000) 
(22500,225000) 
(22600,226000) 
(22700,227000) 
(22800,228000) 
(22900,229000) 
(23000,230000) 
(23100,231000) 
(23200,232000) 
(23300,233000) 
(23400,234000) 
(23500,235000) 
(23600,236000) 
(23700,237000) 
(23800,238000) 
(23900,239000) 
(24000,240000) 
(24100,241000) 
(24200,242000) 
(24300,243000) 
(24400,244000) 
(24500,245000) 
(24600,246000) 
(24700,247000) 
(24800,248000) 
(24900,249000) 
(112000,58) (112000,11600) (112000,11700) 
(113000,58) (113000,11700) 
(114000,62) (114000,12400) (114000,12500) 
(115000,56) 
(116000,57) (116000,11400) 
(117000,71) (117000,14900) (117000,15000) 
(118000,62) (118000,12300) (118000,12500) 
(119000,61) 
(120000,63) (120000,12700) (120000,12800) 
(121000,64) (121000,13100) 
(122000,60) (122000,12000) (122000,12100) 
(123000,57) (123000,11300) 
(124000,59) 
(125000,63) (125000,12600) (125000,12800) 
(126000,60) (126000,11900) (126000,12100) 
(127000,62) (127000,12300) (127000,12400) 
(128000,65) (128000,13300) (128000,13400) 
(129000,60) (129000,12000) 
(130000,65) (130000,13200) (130000,13400) 
(131000,67) (131000,13800) (131000,13900) 
(132000,63) (132000,12600) (132000,12700) 
(133000,64) (133000,12900) (133000,13100) 
(134000,68) (134000,14100) (134000,14200) 
(135000,67) (135000,13700) (135000,13900) 
(136000,101) (136000,23800) (136000,23900) 
(137000,64) (137000,12900) (137000,13000) 
(138000,66) (138000,13600) 
(139000,68) (139000,14000) (139000,14200) 
(140000,65) (140000,13200) (140000,13300) 
(141000,67) (141000,13700) (141000,13800) 
(142000,69) (142000,14400) (142000,14500) 
(143000,68) (143000,14000) 
(144000,96) (144000,22000) 
(145000,97) (145000,22200) (145000,22300) (145000,22400) 
(146000,58) (146000,11500) (146000,11600) 
(147000,75) (147000,16100) 
(148000,70) (148000,14600) (148000,14700) 
(149000,73) (149000,15400) (149000,15500) (149000,15600) 
(150000,96) (150000,21900) 
(151000,71) (151000,14800) (151000,14900) 
(152000,74) (152000,15800) (152000,15900) (152000,16000) 
(153000,71) (153000,14800) 
(154000,72) (154000,15100) (154000,15200) 
(155000,88) (155000,19400) 
(156000,93) (156000,21200) 
(157000,72) (157000,15100) 
(158000,75) (158000,16100) 
(159000,76) (159000,16300) (159000,16400) 
(160000,85) (160000,18600) 
(161000,78) (161000,16700) 
(162000,74) (162000,15700) (162000,15800) (162000,16000) 
(163000,77) 
(164000,82) (164000,17600) (164000,17700) 
(165000,76) (165000,16200) (165000,16400) 
(166000,79) (166000,16800) (166000,16900) 
(167000,82) (167000,17500) (167000,17600) (167000,17700) 
(168000,70) (168000,14600) 
(169000,77) (169000,16500) 
(170000,81) (170000,17200) (170000,17300) 
(171000,80) 
(172000,82) (172000,17500) 
(173000,83) (173000,17900) (173000,18000) (173000,18100) 
(174000,103) 
(175000,76) (175000,16200) (175000,16300) 
(176000,81) (176000,17300) (176000,17400) 
(177000,86) (177000,18800) 
(178000,81) (178000,17100) (178000,17400) 
(179000,84) (179000,18300) 
(180000,87) (180000,19000) (180000,19100) 
(181000,104) 
(182000,83) (182000,17800) (182000,18000) (182000,18100) 
(183000,86) (183000,18800) 
(184000,74) (184000,15700) (184000,15800) (184000,15900) (184000,16000) 
(185000,86) (185000,18700) 
(186000,105) 
(187000,84) (187000,18200) 
(188000,85) (188000,18400) 
(189000,83) (189000,17800) (189000,17900) (189000,18000) (189000,18100) 
(190000,89) (190000,19600) (190000,19700) 
(191000,90) (191000,19900) (191000,20000) (191000,20100) 
(192000,106) 
(193000,73) (193000,15300) 
(194000,91) (194000,20400) (194000,20500) 
(195000,105) 
(196000,84) (196000,18200) (196000,18300) 
(197000,88) (197000,19300) (197000,19400) (197000,19500) 
(198000,87) (198000,18900) (198000,19200) 
(199000,89) (199000,19700) 
(200000,91) (200000,20300) 
(201000,92) (201000,20700) (201000,20800) 
(202000,107) 
(203000,88) (203000,19300) 
(204000,90) (204000,20100) (204000,20200) 
(205000,93) (205000,21000) (205000,21200) 
(206000,90) (206000,19800) (206000,20200) 
(207000,95) (207000,21700) 
(208000,99) (208000,23000) (208000,23100) (208000,23200) 
(209000,108) 
(210000,73) (210000,15300) (210000,15400) (210000,15500) 
(211000,91) (211000,20400) 
(212000,94) (212000,21300) (212000,21400) (212000,21500) 
(213000,95) (213000,21600) (213000,21700) (213000,21800) 
(214000,97) (214000,22100) (214000,22300) (214000,22400) 
(215000,109) 
(216000,92) (216000,20800) (216000,20900) 
(217000,93) (217000,21000) (217000,21100) (217000,21200) 
(218000,98) (218000,22600) (218000,22700) (218000,22800) 
(219000,69) (219000,14300) (219000,14500) 
(220000,71) (220000,14900) 
(221000,69) (221000,14300) (221000,14400) 
(222000,94) (222000,21300) (222000,21500) 
(223000,98) (223000,22700) (223000,22800) 
(224000,109) 
(225000,95) (225000,21600) 
(226000,97) (226000,22200) (226000,22400) 
(227000,99) (227000,22900) (227000,23100) (227000,23200) 
(228000,101) (228000,23700) (228000,23900) 
(229000,92) (229000,20600) (229000,20900) 
(230000,98) (230000,22500) (230000,22600) (230000,22800) 
(231000,100) (231000,23400) (231000,23500) 
(232000,110) 
(233000,99) (233000,22900) (233000,23000) (233000,23200) 
(234000,101) (234000,23700) (234000,23800) 
(235000,102) (235000,24000) 
(236000,111) 
(237000,66) (237000,13500) 
(238000,98) (238000,22500) (238000,22600) (238000,22700) 
(239000,100) (239000,23500) (239000,23600) 
(240000,100) (240000,23300) (240000,23600) 
(241000,81) (241000,17100) (241000,17200) 
(242000,85) (242000,18400) (242000,18500) 
(243000,88) (243000,19300) 
(244000,87) (244000,18900) (244000,19000) (244000,19100) 
(245000,90) (245000,19800) (245000,19900) (245000,20000) (245000,20100) 
(246000,92) (246000,20600) (246000,20700) 
(247000,95) (247000,21600) (247000,21700) 
(248000,97) (248000,22100) (248000,22200) 
(249000,100) (249000,23300) (249000,23400) 
$
(0,57) (0,59) (0,60) (0,61) (0,64) (0,65) (0,66) (0,77) (0,78) (0,80) (0,91) (0,92) (0,95) (0,96) (0,102) (0,103) (0,104) (0,105) (0,106) (0,107) (0,108) (0,109) (0,110) (0,111) (1,56) (1,59) (1,60) (1,61) (1,64) (1,65) (1,66) (1,77) (1,78) (1,80) (1,91) (1,92) (1,95) (1,96) (1,102) (1,103) (1,104) (1,105) (1,106) (1,107) (1,108) (1,109) (1,110) (1,111) (3,56) (3,57) (3,60) (3,61) (3,64) (3,65) (3,66) (3,77) (3,78) (3,80) (3,91) (3,92) (3,95) (3,96) (3,102) (3,103) (3,104) (3,105) (3,106) (3,107) (3,108) (3,109) (3,110) (3,111) (4,56) (4,57) (4,59) (4,61) (4,64) (4,65) (4,66) (4,77) (4,78) (4,80) (4,91) (4,92) (4,95) (4,96) (4,102) (4,103) (4,104) (4,105) (4,106) (4,107) (4,108) (4,109) (4,110) (4,111) (5,56) (5,57) (5,59) (5,60) (5,64) (5,65) (5,66) (5,77) (5,78) (5,80) (5,91) (5,92) (5,95) (5,96) (5,102) (5,103) (5,104) (5,105) (5,106) (5,107) (5,108) (5,109) (5,110) (5,111) (8,56) (8,57) (8,59) (8,60) (8,61) (8,65) (8,66) (8,77) (8,78) (8,80) (8,91) (8,92) (8,95) (8,96) (8,102) (8,103) (8,104) (8,105) (8,106) (8,107) (8,108) (8,109) (8,110) (8,111) (9,56) (9,57) (9,59) (9,60) (9,61) (9,64) (9,66) (9,77) (9,78) (9,80) (9,91) (9,92) (9,95) (9,96) (9,102) (9,103) (9,104) (9,105) (9,106) (9,107) (9,108) (9,109) (9,110) (9,111) (10,56) (10,57) (10,59) (10,60) (10,61) (10,64) (10,65) (10,77) (10,78) (10,80) (10,91) (10,92) (10,95) (10,96) (10,102) (10,103) (10,104) (10,105) (10,106) (10,107) (10,108) (10,109) (10,110) (10,111) (21,56) (21,57) (21,59) (21,60) (21,61) (21,64) (21,65) (21,66) (21,78) (21,80) (21,91) (21,92) (21,95) (21,96) (21,102) (21,103) (21,104) (21,105) (21,106) (21,107) (21,108) (21,109) (21,110) (21,111) (22,56) (22,57) (22,59) (22,60) (22,61) (22,64) (22,65) (22,66) (22,77) (22,80) (22,91) (22,92) (22,95) (22,96) (22,102) (22,103) (22,104) (22,105) (22,106) (22,107) (22,108) (22,109) (22,110) (22,111) (24,56) (24,57) (24,59) (24,60) (24,61) (24,64) (24,65) (24,66) (24,77) (24,78) (24,91) (24,92) (24,95) (24,96) (24,102) (24,103) (24,104) (24,105) (24,106) (24,107) (24,108) (24,109) (24,110) (24,111) (35,56) (35,57) (35,59) (35,60) (35,61) (35,64) (35,65) (35,66) (35,77) (35,78) (35,80) (35,92) (35,95) (35,96) (35,102) (35,103) (35,104) (35,105) (35,106) (35,107) (35,108) (35,109) (35,110) (35,111) (36,56) (36,57) (36,59) (36,60) (36,61) (36,64) (36,65) (36,66) (36,77) (36,78) (36,80) (36,91) (36,95) (36,96) (36,102) (36,103) (36,104) (36,105) (36,106) (36,107) (36,108) (36,109) (36,110) (36,111) (39,56) (39,57) (39,59) (39,60) (39,61) (39,64) (39,65) (39,66) (39,77) (39,78) (39,80) (39,91) (39,92) (39,96) (39,102) (39,103) (39,104) (39,105) (39,106) (39,107) (39,108) (39,109) (39,110) (39,111) (40,56) (40,57) (40,59) (40,60) (40,61) (40,64) (40,65) (40,66) (40,77) (40,78) (40,80) (40,91) (40,92) (40,95) (40,102) (40,103) (40,104) (40,105) (40,106) (40,107) (40,108) (40,109) (40,110) (40,111) (46,56) (46,57) (46,59) (46,60) (46,61) (46,64) (46,65) (46,66) (46,77) (46,78) (46,80) (46,91) (46,92) (46,95) (46,96) (46,103) (46,104) (46,105) (46,106) (46,107) (46,108) (46,109) (46,110) (46,111) (47,56) (47,57) (47,59) (47,60) (47,61) (47,64) (47,65) (47,66) (47,77) (47,78) (47,80) (47,91) (47,92) (47,95) (47,96) (47,102) (47,104) (47,105) (47,106) (47,107) (47,108) (47,109) (47,110) (47,111) (48,56) (48,57) (48,59) (48,60) (48,61) (48,64) (48,65) (48,66) (48,77) (48,78) (48,80) (48,91) (48,92) (48,95) (48,96) (48,102) (48,103) (48,105) (48,106) (48,107) (48,108) (48,109) (48,110) (48,111) (49,56) (49,57) (49,59) (49,60) (49,61) (49,64) (49,65) (49,66) (49,77) (49,78) (49,80) (49,91) (49,92) (49,95) (49,96) (49,102) (49,103) (49,104) (49,106) (49,107) (49,108) (49,109) (49,110) (49,111) (50,56) (50,57) (50,59) (50,60) (50,61) (50,64) (50,65) (50,66) (50,77) (50,78) (50,80) (50,91) (50,92) (50,95) (50,96) (50,102) (50,103) (50,104) (50,105) (50,107) (50,108) (50,109) (50,110) (50,111) (51,56) (51,57) (51,59) (51,60) (51,61) (51,64) (51,65) (51,66) (51,77) (51,78) (51,80) (51,91) (51,92) (51,95) (51,96) (51,102) (51,103) (51,104) (51,105) (51,106) (51,108) (51,109) (51,110) (51,111) (52,56) (52,57) (52,59) (52,60) (52,61) (52,64) (52,65) (52,66) (52,77) (52,78) (52,80) (52,91) (52,92) (52,95) (52,96) (52,102) (52,103) (52,104) (52,105) (52,106) (52,107) (52,109) (52,110) (52,111) (53,56) (53,57) (53,59) (53,60) (53,61) (53,64) (53,65) (53,66) (53,77) (53,78) (53,80) (53,91) (53,92) (53,95) (53,96) (53,102) (53,103) (53,104) (53,105) (53,106) (53,107) (53,108) (53,110) (53,111) (54,56) (54,57) (54,59) (54,60) (54,61) (54,64) (54,65) (54,66) (54,77) (54,78) (54,80) (54,91) (54,92) (54,95) (54,96) (54,102) (54,103) (54,104) (54,105) (54,106) (54,107) (54,108) (54,109) (54,111) (55,56) (55,57) (55,59) (55,60) (55,61) (55,64) (55,65) (55,66) (55,77) (55,78) (55,80) (55,91) (55,92) (55,95) (55,96) (55,102) (55,103) (55,104) (55,105) (55,106) (55,107) (55,108) (55,109) (55,110) 
#
(11300,113000,200,200,200) (12000,120000,195,195,195) (12500,125000,470,470,470) (12600,126000,125,125,125) (12700,127000,350,350,350) (12800,128000,460,460,460) (13000,130000,70,70,70) (13200,132000,250,250,250) (13300,133000,75,75,75) (13400,134000,480,480,480) (13900,139000,165,165,165) (14000,140000,275,275,275) (14100,141000,150,150,150) (14200,142000,515,515,515) (14400,144000,55,55,55) (14500,145000,480,480,480) (14700,147000,275,275,275) (14900,149000,1300,1300,1300) (15000,150000,10,10,10) (15300,153000,445,445,445) (15400,154000,1100,1100,1100) (15500,155000,465,465,465) (15600,156000,680,680,680) (15800,158000,325,325,325) (15900,159000,560,560,560) (16000,160000,155,155,155) (16200,162000,365,365,365) (16400,164000,290,290,290) (16500,165000,295,295,295) (16800,168000,620,620,620) (17300,173000,1325,1325,1325) (17500,175000,210,210,210) (17600,176000,420,420,420) (17800,178000,1200,1200,1200) (18000,180000,1025,1025,1025) (18100,181000,625,625,625) (18900,189000,1115,1115,1115) (19000,190000,130,130,130) (19100,191000,1000,1000,1000) (19200,192000,95,95,95) (19300,193000,350,350,350) (19600,196000,95,95,95) (19800,198000,1045,1045,1045) (19900,199000,125,125,125) (20100,201000,980,980,980) (20200,202000,200,200,200) (20600,206000,925,925,925) (20700,207000,380,380,380) (20800,208000,950,950,950) (21000,210000,740,740,740) (21400,214000,845,845,845) (21600,216000,375,375,375) (21800,218000,40,40,40) (21900,219000,40,40,40) (22100,221000,360,360,360) (22200,222000,805,805,805) (22300,223000,660,660,660) (22500,225000,5,5,5) (22600,226000,525,525,525) (22700,227000,715,715,715) (22800,228000,255,255,255) (22900,229000,918,918,918) (23000,230000,340,340,340) (23100,231000,785,785,785) (23200,232000,595,595,595) (23300,233000,960,960,960) (23400,234000,205,205,205) (23500,235000,785,785,785) (23800,238000,460,460,460) (23900,239000,160,160,160) (24000,240000,1015,1015,1015) (24400,244000,200,200,200) (24500,245000,295,295,295) 
(0,66,100,100,100) (0,78,400,400,400) (0,80,50,50,50) (0,95,25,25,25) (0,102,100,100,100) (0,103,50,50,50) (0,104,50,50,50) (0,106,20,20,20) (0,107,100,100,100) (0,108,30,30,30) (0,110,50,50,50) (3,61,45,45,45) (3,66,10,10,10) (3,78,110,110,110) (3,80,40,40,40) (3,102,30,30,30) (3,103,20,20,20) (3,106,10,10,10) (3,107,10,10,10) (3,108,10,10,10) (3,110,30,30,30) (3,111,10,10,10) (4,111,10,10,10) (5,57,10,10,10) (5,59,100,100,100) (5,64,10,10,10) (5,78,15,15,15) (5,80,15,15,15) (5,95,20,20,20) (5,110,15,15,15) (10,56,55,55,55) (10,59,10,10,10) (10,78,60,60,60) (10,80,130,130,130) (10,92,12,12,12) (10,103,20,20,20) (10,106,10,10,10) (10,107,10,10,10) (10,108,10,10,10) (10,110,50,50,50) (10,111,95,95,95) (22,56,400,400,400) (22,106,10,10,10) (24,95,30,30,30) (24,56,50,50,50) (24,59,75,75,75) (24,102,400,400,400) (24,104,300,300,300) (24,110,100,100,100) (22,66,45,45,45) (22,57,40,40,40) (22,59,55,55,55) (22,61,40,40,40) (22,102,70,70,70) (22,104,30,30,30) (22,105,20,20,20) (36,66,15,15,15) (39,56,25,25,25) (39,61,10,10,10) (39,80,30,30,30) (39,102,50,50,50) (46,56,50,50,50) (46,59,30,30,30) (46,80,550,550,550) (46,95,50,50,50) (46,103,30,30,30) (46,104,15,15,15) (46,106,10,10,10) (46,107,10,10,10) (46,108,15,15,15) (47,56,70,70,70) (47,59,30,30,30) (47,66,30,30,30) (47,80,50,50,50) (47,92,30,30,30) (47,102,50,50,50) (49,56,15,15,15) (49,102,10,10,10) (49,104,10,10,10) (50,56,45,45,45) (50,59,10,10,10) (50,60,15,15,15) (50,66,10,10,10) (50,80,30,30,30) (50,102,30,30,30) (51,56,0,0,0) (51,59,10,10,10) (51,61,20,20,20) (51,66,15,15,15) (51,80,60,60,60) (52,56,20,20,20) (52,59,10,10,10) (52,61,15,15,15) (52,66,15,15,15) (52,78,15,15,15) (52,80,50,50,50) (52,104,10,10,10) (53,78,10,10,10) (53,110,10,10,10) (55,56,0,0,0) (55,59,10,10,10) (55,60,10,10,10) (55,66,160,160,160) (55,80,15,15,15) 
&
(0,1300,130,130) (3,455,45,45) (4,75,7,7) (5,212,21,21) (9,45,4,4) (10,620,62,62) (21,300,30,30) (22,965,96,96) (24,1360,136,136) (35,20,2,2) (40,55,5,5) (49,110,11,11) (52,245,24,24) (53,80,8,8) (55,230,23,23) 
(56,640,64,64) (59,300,30,30) (60,75,7,7) (66,750,75,75) (77,430,43,43) (61,221,22,22) (65,20,2,2) (78,600,60,60) (80,1385,138,138) (91,20,2,2) (96,60,6,6) (105,210,21,21) (108,330,33,33) (109,20,2,2) (111,175,17,17) 
