(322,326,73.20131241528021)
(322,474,49.55330551296242)
(322,494,119.4103633591157)
(322,586,297.3198330777745)
(322,592,75.22334724351879)
(322,606,249.99702382947777)
(322,610,12.388326378240604)
(322,611,1.8850506874622326)
(322,622,49.55330551296242)
(322,2056,75.22334724351879)
(322,2060,9.910661102592483)
(322,2062,150.44669448703758)
(322,2064,14.865991653888726)
(322,2068,24.77665275648121)
(326,470,10.297796001226745)
(326,2068,118.38296678380974)
(336,326,144.02322842631241)
(336,465,22.29898748083309)
(336,474,4.9553305512962424)
(336,586,54.508636064258674)
(336,592,19.82132220518497)
(336,610,171.30434731444583)
(336,622,14.865991653888726)
(336,2060,4.9553305512962424)
(336,2062,4.9553305512962424)
(336,2064,4.9553305512962424)
(336,2068,45.13400834611127)
(336,2070,4.9553305512962424)
(464,465,64.26444331947121)
(464,470,12.65932078541654)
(464,2070,4.9553305512962424)
(465,326,15.044669448703758)
(465,336,84.24061937203611)
(465,464,22.811197519214574)
(465,470,4.9553305512962424)
(465,474,33.293626963843664)
(465,586,7.432995826944364)
(465,592,7.432995826944363)
(465,610,9.910661102592485)
(465,2068,7.432995826944364)
(470,464,46.679570758728815)
(470,474,379.9553311048315)
(472,326,40.02680200407681)
(472,470,9.10065478963358)
(474,322,27.254318032129337)
(474,336,4.9553305512962424)
(474,470,37.23049431704223)
(474,494,154.3001794046342)
(474,586,29.73198330777745)
(474,592,64.41929716685115)
(474,606,5.94639666155549)
(474,610,108.71709419997677)
(474,2060,4.9553305512962424)
(474,2062,4.9553305512962424)
(474,2064,4.9553305512962424)
(474,2068,68.6360919764131)
(474,2070,47.075640237314296)
(494,465,72.0458605934555)
(494,610,98.5759322261209)
(494,611,32.248963481656965)
(494,2056,16.58129879846632)
(494,2062,53.03156627556433)
(586,322,222.9898748083309)
(586,326,19.82132220518497)
(586,336,37.16497913472182)
(586,465,19.82132220518497)
(586,474,22.29898748083309)
(586,588,457.7635505059002)
(586,622,66.89696244249926)
(586,2056,14.865991653888727)
(586,2058,9.910661102592485)
(586,2060,4.9553305512962424)
(588,322,297.31983307777443)
(588,326,9.910661102592485)
(590,592,1112.412152690159)
(590,610,14.865991653888726)
(590,2056,107.98093922381588)
(592,322,24.77665275648121)
(592,336,49.55330551296242)
(592,494,97.73674781844682)
(592,590,1268.7016077327703)
(592,606,462.01012590921454)
(592,622,297.31983307777455)
(592,2056,300.89338897407515)
(592,2068,49.55330551296243)
(605,326,5.244193147979679)
(605,586,16.590232093669385)
(606,336,79.15723623255616)
(606,472,21.834425241649065)
(606,474,7.432995826944363)
(606,592,514.7409168421623)
(606,622,300.0923169472153)
(606,2064,267.5223349293649)
(606,2068,178.73436634899537)
(610,322,12.388326378240604)
(610,336,5.547945378663954)
(610,465,4.9553305512962424)
(610,494,38.305537946665)
(610,586,38.48361749304601)
(610,590,14.865991653888727)
(610,592,129.07980936353633)
(610,605,21.834425241649065)
(610,606,59.88445347156562)
(610,622,24.776652756481216)
(610,2066,21.834425241649065)
(611,326,32.745681831195355)
(611,470,25.854675009948366)
(611,610,1.4443125733912048)
(622,322,24.776652756481216)
(622,336,19.82132220518497)
(622,586,2.3591462402289594)
(622,592,272.54318032129333)
(622,606,163.7939254795362)
(622,610,24.776652756481212)
(622,611,1.8040451420493326)
(622,2056,7.432995826944363)
(622,2058,165.41095840187458)
(622,2060,4.9553305512962424)
(622,2062,4.9553305512962424)
(622,2064,7.432995826944363)
(622,2068,86.86122807944548)
(622,2070,101.9624777956639)
(2058,322,7.432995826944363)
(2058,586,84.18701693564876)
(2058,611,18.558664963884276)
(2058,622,4.9553305512962424)
(2058,2056,4.9553305512962424)
(2060,322,22.29898748083309)
(2060,336,4.955330551296242)
(2060,464,7.432995826944363)
(2060,474,4.9553305512962424)
(2060,592,14.865991653888726)
(2060,606,117.23645041665822)
(2060,622,9.910661102592485)
(2062,322,29.73198330777745)
(2062,336,19.82132220518497)
(2062,465,9.910661102592483)
(2062,474,7.432995826944364)
(2062,586,61.58427568653397)
(2062,590,57.7933305939539)
(2062,592,39.64264441036994)
(2062,2056,34.78558837516498)
(2062,2058,15.416915458217773)
(2064,322,24.776652756481216)
(2064,336,17.34365692953685)
(2064,465,7.432995826944363)
(2064,474,7.432995826944364)
(2064,586,7.432995826944363)
(2064,592,24.776652756481216)
(2064,606,106.37581903374326)
(2064,610,10.390112907439608)
(2064,2056,4.9553305512962424)
(2064,2060,56.55449679438949)
(2066,326,22.01905856204364)
(2066,470,9.344848887506792)
(2066,586,4.9553305512962424)
(2066,610,31.387730481260824)
(2066,2068,4.9553305512962424)
(2070,322,4.9553305512962424)
(2070,336,4.9553305512962424)
(2070,464,4.9553305512962424)
(2070,474,163.898153792264)
(2070,590,7.432995826944364)
(2070,2068,22.706968447938664)
