(322,474,32.39189965696623)
(322,586,194.35139794179742)
(322,592,16.19594982848312)
(322,610,8.09797491424156)
(322,622,32.39189965696624)
(322,2056,67.02572770167373)
(322,2058,5.856046526500279)
(322,2060,6.478379931393247)
(322,2062,32.39189965696624)
(322,2064,9.717569897089872)
(322,2068,16.19594982848312)
(326,611,3.2391899656966237)
(326,2058,61.54460934823586)
(336,465,14.576354845634809)
(336,470,11.337164879938182)
(336,474,16.760810034303375)
(336,586,35.63108962266286)
(336,592,12.956759862786495)
(336,610,23.72906453690451)
(336,622,9.717569897089872)
(336,2060,3.2391899656966237)
(336,2062,3.2391899656966237)
(336,2064,3.2391899656966237)
(336,2068,21.054734777027956)
(336,2070,3.2391899656966237)
(464,465,29.476628687839277)
(464,472,4.8587849485449395)
(464,2070,3.2391899656966237)
(465,326,3.2391899656966237)
(465,336,55.0662294168426)
(465,470,3.2391899656966237)
(465,586,4.858784948544936)
(465,592,4.858784948544936)
(465,610,6.478379931393247)
(465,2068,4.858784948544936)
(470,464,16.195949828483123)
(470,472,22.674329759876365)
(470,474,69.64258426247747)
(470,494,7.7325670240123685)
(472,474,31.82703945114598)
(472,610,16.760810034303354)
(474,322,17.81554481133143)
(474,336,3.2391899656966237)
(474,494,84.21893910811221)
(474,586,19.435139794179744)
(474,592,42.10946955405946)
(474,606,3.887027958835948)
(474,2060,3.2391899656966237)
(474,2062,3.2391899656966237)
(474,2064,3.2391899656966245)
(474,2068,16.19594982848312)
(474,2070,45.34865951975273)
(494,472,5.988505360185449)
(494,610,8.587849485449397)
(494,611,36.12096419387065)
(494,2062,61.05473477702803)
(586,322,145.76354845634808)
(586,326,12.956759862786495)
(586,336,24.293924742724677)
(586,465,12.956759862786495)
(586,474,14.576354845634809)
(586,588,38.8702795883595)
(586,622,43.72906453690442)
(586,2056,9.717569897089872)
(586,2058,6.478379931393247)
(586,2060,3.2391899656966237)
(588,322,194.35139794179742)
(588,326,6.478379931393247)
(590,494,68.0229892796291)
(590,592,362.7892761580218)
(590,610,9.717569897089872)
(592,322,16.19594982848312)
(592,336,32.39189965696624)
(592,590,466.44335506031393)
(592,622,194.35139794179742)
(592,2056,103.03174549739902)
(592,2068,32.39189965696624)
(605,2058,11.195185763419904)
(606,474,4.858784948544936)
(606,610,51.82703945114598)
(606,2060,6.478379931393236)
(606,2064,66.40339429678079)
(606,2068,43.72906453690448)
(610,322,8.09797491424156)
(610,465,3.2391899656966237)
(610,590,9.717569897089872)
(610,605,33.52162006860675)
(610,606,68.9947462693381)
(610,622,16.19594982848312)
(611,470,12.956759862786495)
(611,592,10.71483147504523)
(611,610,68.51286385083685)
(622,322,16.19594982848312)
(622,336,12.956759862786495)
(622,494,9.717569897089778)
(622,592,178.15544811331432)
(622,610,16.19594982848312)
(622,2056,4.858784948544936)
(622,2060,3.2391899656966237)
(622,2062,3.2391899656966237)
(622,2064,4.858784948544936)
(622,2066,19.435139794179843)
(622,2068,55.066229416842624)
(622,2070,4.8587849485449395)
(2058,322,9.717569897089874)
(2058,610,19.435139794179744)
(2058,622,3.2391899656966237)
(2058,2056,3.2391899656966237)
(2060,322,14.576354845634809)
(2060,336,3.2391899656966237)
(2060,464,4.858784948544936)
(2060,474,3.2391899656966237)
(2060,592,9.717569897089872)
(2060,606,11.337164879938202)
(2060,622,6.478379931393247)
(2060,2056,11.337164879938165)
(2062,322,19.435139794179737)
(2062,336,12.956759862786495)
(2062,465,6.478379931393247)
(2062,474,4.858784948544936)
(2062,586,21.05473477702806)
(2062,592,25.91351972557299)
(2062,2060,4.8587849485449475)
(2064,322,16.19594982848312)
(2064,336,11.337164879938184)
(2064,465,4.858784948544936)
(2064,474,4.858784948544936)
(2064,586,4.858784948544936)
(2064,592,16.19594982848312)
(2064,606,17.81554481133143)
(2064,2056,3.2391899656966237)
(2066,586,3.2391899656966237)
(2066,2064,19.435139794179744)
(2066,2068,3.2391899656966237)
(2070,322,3.2391899656966237)
(2070,336,3.2391899656966237)
(2070,464,3.2391899656966237)
(2070,474,59.92501436538754)
(2070,590,4.858784948544936)
