(3,110,45.70241648761208) 
(3,111,4.765861170795972) 
(3,78,52.424472878755665) 
(3,77,141.28020912827924) 
(3,81,60.9365553168161) 
(3,66,4.765861170795972) 
(3,64,16.27643384031276) 
(3,61,21.446375268581875) 
(3,108,4.765861170795972) 
(3,107,4.765861170795972) 
(3,106,4.765861170795972) 
(3,102,14.297583512387915) 
(1,66,13.301351529510242) 
(1,106,36.462566524626844) 
(1,102,23.485647666143564) 
(1,95,31.796493148230674) 
(0,110,23.82930585397986) 
(0,78,495.31721648305285) 
(0,81,76.17069414602013) 
(0,66,47.65861170795972) 
(0,57,57.092140988126175) 
(0,109,7.455767799834398) 
(0,108,14.29758351238791) 
(0,107,152.34138829204025) 
(0,106,9.531722341591944) 
(0,104,76.17069414602013) 
(0,102,47.65861170795972) 
(0,96,4.765861170795972) 
(0,95,38.08534707301006) 
(0,92,215.08126199143004) 
(5,110,7.148791756193955) 
(5,78,10.294559382276248) 
(5,81,7.148791756193955) 
(5,59,81.01963990353153) 
(5,57,4.765861170795972) 
(5,64,4.765861170795972) 
(5,60,65.54758522393915) 
(5,95,9.531722341591943) 
(4,111,4.765861170795972) 
(4,64,35.33987852349665) 
(9,95,68.55362473141813) 
(8,77,75.92858687905778) 
(8,60,41.15558658124891) 
(35,65,15.654079577185655) 
(35,61,14.8141980812224) 
(36,81,166.0589127950618) 
(36,66,7.148791756193957) 
(36,65,15.977340351395185) 
(36,95,128.20694691116773) 
(39,110,215.78366279343035) 
(39,80,14.29758351238791) 
(39,59,151.53776509018599) 
(39,56,11.91465292698993) 
(39,61,4.765861170795972) 
(39,108,87.03927530069961) 
(39,105,208.56872969636458) 
(39,102,23.82930585397986) 
(39,96,44.48683605452016) 
(39,91,31.631419928580797) 
(40,57,61.52567954100155) 
(40,64,19.06344468318389) 
(22,79,268.68201723677583) 
(22,80,19.101210475322375) 
(22,66,21.446375268581875) 
(22,59,35.74395878096979) 
(22,57,19.063444683183874) 
(22,56,345.31721908287784) 
(22,61,19.06344468318389) 
(22,106,4.765861170795972) 
(22,105,9.531722341591944) 
(22,104,45.70241648761208) 
(22,102,64.33912580574565) 
(23,57,9.531722341591944) 
(23,56,495.3172164830528) 
(24,111,40.0566460450525) 
(24,81,1205.0906238750767) 
(24,104,20.581576638049683) 
(24,95,14.29758351238791) 
(24,92,0.8799132364965772) 
(25,110,152.34138829204025) 
(25,77,133.9463867511515) 
(25,80,463.45435447828226) 
(25,59,47.65861170795972) 
(25,56,23.82930585397986) 
(25,104,304.6827765840805) 
(25,102,495.3172164830529) 
(21,80,31.699393137448283) 
(21,107,114.78096630906415) 
(21,95,48.836857036540486) 
(10,110,41.61814665830857) 
(10,111,45.275681122561735) 
(10,78,28.59516702477582) 
(10,77,283.38788581231074) 
(10,81,61.95619522034764) 
(10,59,4.765861170795972) 
(10,56,26.212236439377833) 
(10,108,4.765861170795972) 
(10,107,4.765861170795972) 
(10,106,4.765861170795972) 
(10,92,5.719033404955166) 
(55,80,7.148791756193955) 
(55,66,76.25377873273555) 
(55,59,4.765861170795972) 
(55,56,4.765861170795972) 
(55,64,47.68126352242534) 
(55,60,4.765861170795972) 
(55,108,4.361781779931128) 
(49,56,7.148791756193955) 
(49,109,24.1756521287464) 
(49,104,4.765861170795972) 
(49,102,15.234138829204024) 
(49,95,103.45652207748034) 
(46,111,123.90861066802972) 
(46,81,565.5223275831551) 
(46,66,124.18353782925945) 
(46,59,19.06344468318389) 
(46,56,23.82930585397986) 
(46,108,22.85120824380604) 
(46,107,4.765861170795972) 
(46,106,4.765861170795972) 
(46,104,7.148791756193957) 
(46,96,36.10228816966528) 
(46,95,23.82930585397986) 
(51,81,38.12688936636778) 
(51,66,7.148791756193955) 
(51,59,19.06344468318389) 
(51,57,81.74470716569691) 
(51,56,28.59516702477582) 
(51,61,9.531722341591944) 
(51,104,30.05772551160922) 
(52,78,7.148791756193955) 
(52,81,23.82930585397986) 
(52,66,7.148791756193955) 
(52,59,16.680514097785903) 
(52,56,23.82930585397986) 
(52,61,22.85120824380604) 
(52,104,4.765861170795972) 
(52,92,53.25528139509097) 
(53,110,4.765861170795972) 
(53,78,4.765861170795972) 
(53,95,33.247733332320166) 
(50,80,85.66573694324089) 
(50,81,14.297583512387915) 
(50,66,4.765861170795972) 
(50,59,4.765861170795972) 
(50,56,21.446375268581875) 
(50,60,7.148791756193955) 
(50,104,22.079730371355794) 
(50,102,9.531722341591944) 
(50,92,111.71827557854795) 

